36232
10090
13173
7288
13503
21150
13346
6725
12549
7466
12362
14621
10165
13211
10641
59809
24469
12882
7893
10992
8125
11349
7044
13733
11438
12699
17722
11594
43943
9915
11926
8089
12242
6723
12911
5715
12303
11272
11633
49402
12085
12188
7788
11751
7096
11865
6037
11801
11208
11490
19775
11062
11998
8273
11474
6863
12539
6228
12367
15664
9539
43353
10673
12385
6270
10666
5640
11339
5624
11490
17913
10837
21109
9989
11294
5636
12049
5975
11390
12110
11377
44843
12837
36202
10407
11446
8261
10990
7143
13354
6524
12035
51318
11777
24824
8416
11514
6632
10550
7244
36560
12099
11916
16225
12549
41131
9661
12455
6283
11452
6006
10863
13209
11462
69772
10923
39342
9471
12323
6578
11996
12123
14591
13845
11509
75243
11151
38423
8738
11307
6529
11727
6619
11641
12584
12684
25126
11062
11994
6619
13086
6497
11349
5558
13191
15326
39947
28425
11351
12611
8521
13594
9306
12439
20150
11738
68883
11369
20935
7444
12642
6263
12716
6843
12808
12918
26158
16247
10694
38551
10534
11614
7498
11324
5896
11950
6675
13328
55309
11636
24935
9903
11508
7195
12104
7268
12081
6308
12553
52569
12259
11600
7242
22079
5898
12025
6388
11942
10328
12713
16811
11302
13242
6927
11365
7220
11823
7944
11905
16037
11600
23960
10554
13415
7139
13217
7798
12079
7077
18879
14461
11883
25423
34878
13114
5749
12295
6633
12369
6714
13246
37152
12207
35853
9775
12207
7342
11357
6370
11930
11378
11958
33454
11959
21557
10711
11397
14974
11756
6978
11636
12265
12630
57534
11153
70737
9273
11331
7466
12370
5943
17514
15286
12111
16604
12215
10788
6723
10967
8228
11232
7923
14276
66267
10764
17231
11930
48105
11815
11738
7289
12236
9100
11526
14207
11893
35027
12777
35806
10020
12716
6257
13069
6712
11916
11587
13671
13728
9852
12343
8013
12166
6256
13326
6633
12505
12205
12840
59809
9201
13931
6913
37446
6400
13172
5909
11844
48008
12162
55678
11188
12465
7010
11450
6256
12079
10292
12412
14714
13107
10857
7075
11900
17181
12533
7494
13380
14062
12178
20810
9158
12874
5563
12015
5701
11609
8613
12032
16225
12108
23495
9303
12140
6371
12394
6612
12555
7040
13647
48926
12068
23224
6724
13455
8638
12039
9306
10762
13363
13360
33169
39264
12158
7833
12451
23827
12346
7565
11999
18079
48121
23600
25732
11351
6665
11647
26543
29016
5965
12154
64273
11695
39267
11339
10264
7325
12071
7361
12020
13735
11640
43278
12378
48956
10278
12002
6544
11805
5622
12186
10883
12057
57858
11922
35087
10540
37448
10730
12092
21651
12741
12737
11924
47206
13244
47654
10649
12775
8900
12235
6197
11535
9873
12049
17355
23541
12143
6304
12723
6576
13181
7073
12446
12952
12192
28586
11107
11321
6195
11665
7542
11288
6340
12152
60955
11476
35734
9138
13675
14137
11557
6415
27409
11974
11409
16235
10686
11736
7145
12632
6094
11766
6762
12654
15938
12105
20552
9182
12575
7065
13840
6020
12587
12747
12303
52093
11097
29946
6699
11159
6209
11886
6137
12372
10146
11663
14673
11541
11847
5785
11623
5650
11460
7173
11612
12799
12624
27097
12043
12601
7760
10794
7244
12060
7547
10976
13547
11339
21857
11234
12630
8023
12408
7039
11972
6304
13049
14875
12023
27772
12856
23250
7601
12461
7024
10738
6011
11343
57403
11647
30712
9047
12255
6500
11591
7135
12026
13288
11089
14996
11766
11325
7817
12738
6657
11733
18863
11486
19270
11856
22895
11738
40491
7203
10823
6401
11456
7476
12860
56394
11712
21821
11758
11906
6169
11930
6782
11240
11204
12654
79358
11564
30360
8337
14815
6723
13272
6383
11286
11254
12439
44720
11029
27660
9588
12816
8824
12868
6280
11960
13543
11789
39552
11502
33107
10163
12340
5943
12412
7609
11511
11964
11613
15136
11438
11538
7609
13110
16357
12334
6994
12444
15801
13257
22260
11079
12802
16925
12476
12652
11727
7934
12703
15991
11946
42493
9907
11349
7141
11383
6455
12099
6064
15180
18166
11111
23957
10083
11311
6744
12390
5931
12222
12152
12310
62420
11496
24179
9628
12086
7734
12097
6127
12678
13179
12916
54684
11575
20959
7728
12374
5790
12319
7000
12505
10369
13431
12519
10308
12293
7022
12378
5821
13122
8850
11809
14151
11283
22742
9445
31055
7299
13572
6325
11505
11444
13570
41801
11900
42021
10442
10791
9025
11906
7452
12178
6586
11218
50735
10988
50697
10940
12192
8277
12119
6683
10670
7298
11022
17195
12079
53566
11000
11418
7650
13185
8564
13474
7162
11892
50711
11799
35629
8089
11407
7359
14815
7297
13759
12862
13344
61778
11591
23620
8608
12769
6616
11805
7851
21350
13310
16041
30720
12489
38041
10674
12235
7476
12713
6007
11980
11503
11700
38154
10028
11625
7346
12372
6326
11811
5723
12499
17075
16186
25182
10489
11712
6895
